Pass-1 Result:
                                          
                               1.0           
                              1.0 1.41 1.0          
                             1.0 1.41 2.41 1.41 1.0         
                            1.0 1.41 2.41 2.82 2.41 1.41 1.0        
                           1.0 1.41 2.41 2.82 3.82 2.82 2.41 1.41 1.0       
                          1.0 1.41 2.41 2.82 3.82 4.23 3.82 2.82 2.41 1.41 1.0      
                         1.0 1.41 2.41 2.82 3.82 4.23 5.23 4.23 3.82 2.82 2.41 1.41 1.0     
                        1.0 1.41 2.41 2.82 3.82 4.23 5.23 5.64 5.23 4.23 3.82 2.82 2.41 1.41 1.0    
                       1.0 1.41 2.41 2.82 3.82 4.23 5.23 5.64 6.64 5.64 5.23 4.23 3.82 2.82 2.41 1.41 1.0   
                      1.0 1.41 2.41 2.82 3.82 4.23 5.23 5.64 6.64 7.05 6.64 5.64 5.23 4.23 3.82 2.82 2.41 1.41 1.0  
                       1.0 2.0 3.0 4.0 5.0 5.64 6.64 7.05 8.05 7.05 6.64 5.64 5.23 4.23 3.82 2.82 2.41   
                        1.0 2.0 3.0 4.0 5.0 6.0 7.0 8.0 8.05 7.05 6.64 5.64 5.23 4.23 3.82    
    1.0 1.0 1.0 1.0 1.0 1.0 1.0 1.0 1.0 1.0 1.0 1.0 1.0 1.0 1.0 1.0      1.0 2.0 3.0 4.0 5.0 6.0 7.0 8.0 8.05 7.05 6.64 5.64 5.23     
    1.0 2.0 2.0 2.0 2.0 2.0 2.0 2.0 2.0 2.0 2.0 2.0 2.0 2.0 2.0 1.41       1.0 2.0 3.0 4.0 5.0 6.0 7.0 8.0 8.05 7.05 6.64      
    1.0 2.0 3.0 3.0 3.0 3.0 3.0 3.0 3.0 3.0 3.0 3.0 3.0 3.0 2.82 1.41         1.0 2.0 3.0 4.0 5.0 6.0 7.0        
    1.0 2.0 3.0 4.0 4.0 4.0 4.0 4.0 4.0 4.0 4.0 4.0 4.0 4.0 2.82 1.41          1.0 2.0 3.0 4.0 5.0         
    1.0 2.0 3.0 4.0 5.0 5.0 5.0 5.0 5.0 5.0 5.0 5.0 5.0 4.23 2.82 1.41           1.0 2.0 3.0          
    1.0 2.0 3.0 4.0 5.0 6.0 6.0 6.0 6.0 6.0 6.0 6.0 5.64 4.23 2.82 1.41            1.0           
    1.0 2.0 3.0 4.0 5.0 6.0 7.0 7.0 7.0 7.0 7.0 7.0 5.64 4.23 2.82 1.41            1.0           
    1.0 2.0 3.0 4.0 5.0 6.0 7.0 8.0 8.0 8.0 8.0 7.05 5.64 4.23 2.82 1.41            1.0           
                                          
Pass-2 Result:
                                          
                               1.0           
                              1.0 1.41 1.0          
                             1.0 1.41 2.41 1.41 1.0         
                            1.0 1.41 2.41 2.82 2.41 1.41 1.0        
                           1.0 1.41 2.41 2.82 3.82 2.82 2.41 1.41 1.0       
                          1.0 1.41 2.41 2.82 3.82 4.23 3.82 2.82 2.41 1.41 1.0      
                         1.0 1.41 2.41 2.82 3.82 4.23 5.23 4.23 3.82 2.82 2.41 1.41 1.0     
                        1.0 1.41 2.41 2.82 3.82 4.23 5.23 5.64 5.23 4.23 3.82 2.82 2.41 1.41 1.0    
                       1.0 1.41 2.41 2.82 3.82 4.23 5.23 5.64 6.64 5.64 5.23 4.23 3.82 2.82 2.41 1.41 1.0   
                      1.0 1.41 2.41 2.82 3.82 4.23 5.23 5.64 6.23 6.64 6.23 5.64 5.23 4.23 3.82 2.82 2.41 1.41 1.0  
                       1.0 1.41 2.41 2.82 3.82 4.23 4.82 5.23 5.64 5.23 4.82 4.23 3.82 2.82 2.41 1.41 1.0   
                        1.0 1.41 2.41 2.82 3.41 3.82 4.23 5.23 4.23 3.82 3.41 2.82 2.41 1.41 1.0    
    1.0 1.0 1.0 1.0 1.0 1.0 1.0 1.0 1.0 1.0 1.0 1.0 1.0 1.0 1.0 1.0      1.0 1.41 2.0 2.41 2.82 3.82 4.23 3.82 2.82 2.41 2.0 1.41 1.0     
    1.0 2.0 2.0 2.0 2.0 2.0 2.0 2.0 2.0 2.0 2.0 2.0 2.0 2.0 2.0 1.0       1.0 1.0 1.41 2.41 2.82 3.82 2.82 2.41 1.41 1.0 1.0      
    1.0 2.0 3.0 3.0 3.0 3.0 3.0 3.0 3.0 3.0 3.0 3.0 3.0 3.0 2.0 1.0         1.0 1.41 2.41 2.82 2.41 1.41 1.0        
    1.0 2.0 3.0 4.0 4.0 4.0 4.0 4.0 4.0 4.0 4.0 4.0 4.0 3.0 2.0 1.0          1.0 1.41 2.41 1.41 1.0         
    1.0 2.0 3.0 4.0 4.0 4.0 4.0 4.0 4.0 4.0 4.0 4.0 4.0 3.0 2.0 1.0           1.0 1.41 1.0          
    1.0 2.0 3.0 3.0 3.0 3.0 3.0 3.0 3.0 3.0 3.0 3.0 3.0 3.0 2.0 1.0            1.0           
    1.0 2.0 2.0 2.0 2.0 2.0 2.0 2.0 2.0 2.0 2.0 2.0 2.0 2.0 2.0 1.0            1.0           
    1.0 1.0 1.0 1.0 1.0 1.0 1.0 1.0 1.0 1.0 1.0 1.0 1.0 1.0 1.0 1.0            1.0           
                                          
Skeleton Array:
..........................................
...............................9..........
..............................99..........
.............................999..........
............................9999..........
...........................99999..........
..........................999999..........
.........................9999999..........
........................99999999..........
.......................999999999..........
......................99999999.9..........
..........................................
..........................................
....9999999999999999......................
....999999999999999.......................
.....9999999999999........................
......99999999999.........................
.......9999999999.........................
..........................................
...............................9..........
...............................9..........
..........................................

